world: world
x: -146.5928111887507
y: 68.0
z: 337.46105290954586
yaw: -3.4500062
pitch: 21.749996
name: BuildingArea
