world: world
x: -169.30000001192096
y: 13.385080971784488
z: 400.881605042201
yaw: -120.89996
pitch: 19.949993
name: Hector's
