world: world
x: -190.52886051412204
y: 66.0
z: 439.88171793239934
yaw: 1.0502316
pitch: 6.89999
name: Home
