world: world
x: -146.92689876113576
y: 68.0
z: 337.2156168379415
yaw: -1.3500061
pitch: 4.349994
name: Rules
