world: world
x: -91.34934836076592
y: 70.0
z: 252.52668456983437
yaw: 86.25001
pitch: 43.05001
name: Spawn
