timestamps:
  login: 1671557222800
ipAddress: 127.0.0.1
logoutlocation:
  world: world
  x: -91.42387742218261
  y: 69.0
  z: 246.32921416759916
  yaw: -210.00002
  pitch: 30.600002
