timestamps:
  login: 1672967875246
  logout: 1672967891855
ipAddress: 127.0.0.1
logoutlocation:
  world: world
  x: -206.5090653801058
  y: 62.86460953424924
  z: 291.9998553477605
  yaw: -223.32977
  pitch: 48.749996
