timestamps:
  login: 1672187823463
  logout: 1672187853806
ipAddress: 127.0.0.1
logoutlocation:
  world: world
  x: -219.69999998807907
  y: 35.0
  z: 297.38994313900236
  yaw: 304.9654
  pitch: 63.6
